209,29
209,28
213,4
213,3
213,2
213,1
213,0
212,4
212,3
212,2
212,1
212,0
211,4
211,3
211,2
211,1
211,0
210,4
210,3
210,2
210,1
210,0
209,27
209,26
209,25
209,24
209,23
209,22
209,21
209,20
209,19
209,18
209,17
209,16
209,15
209,14
209,13
209,12
209,11
209,10
209,9
209,8
209,7
209,6
209,5
209,4
209,3
209,2
209,1
209,0
204,28
204,27
3,51
3,50
1,53
1,52
1,51
204,26
3,49
208,4
208,3
208,2
208,1
208,0
207,4
207,3
207,2
207,1
207,0
206,4
206,3
206,2
206,1
206,0
205,4
205,3
205,2
205,1
205,0
2,49
204,25
204,24
204,23
204,22
204,21
204,20
204,19
204,18
204,17
204,16
204,15
204,14
204,13
204,12
204,11
204,10
204,9
204,8
204,7
204,6
204,5
204,4
204,3
204,2
204,1
204,0
3,48
1,48
3,47
1,47
203,4
203,3
203,2
203,1
203,0
202,4
202,3
202,2
202,1
202,0
201,4
201,3
201,2
201,1
201,0
200,4
200,3
200,2
200,1
200,0
199,26
199,25
199,24
199,23
199,22
199,21
199,20
199,19
199,18
199,17
199,16
199,15
199,14
199,13
199,12
199,11
199,10
199,9
199,8
199,7
199,6
199,5
199,4
199,3
199,2
199,1
199,0
188,4
188,3
188,2
188,1
188,0
182,6
182,5
182,4
182,3
182,2
182,1
182,0
181,6
181,5
181,4
181,3
181,2
181,1
181,0
180,6
180,5
180,4
180,3
180,2
180,1
180,0
179,6
179,5
179,4
179,3
179,2
179,1
179,0
178,6
178,5
178,4
178,3
178,2
178,1
178,0
175,3
175,2
175,1
175,0
174,4
174,3
174,2
174,1
174,0
173,4
173,3
173,2
173,1
173,0
172,3
172,2
172,1
172,0
170,3
170,2
170,1
170,0
169,3
169,2
169,1
169,0
168,5
168,4
168,3
168,2
168,1
168,0
167,3
167,2
167,1
167,0
166,3
166,2
166,1
166,0
164,5
164,4
164,3
164,2
164,1
164,0
163,7
163,6
163,5
163,4
163,3
163,2
163,1
163,0
162,3
162,2
162,1
162,0
161,3
161,2
161,1
161,0
160,5
160,4
160,3
160,2
160,1
160,0
159,3
159,2
159,1
159,0
158,3
158,2
158,1
158,0
157,4
157,3
157,2
157,1
157,0
156,4
156,3
156,2
156,1
156,0
155,8
155,3
155,2
155,1
155,0
154,4
154,3
154,2
154,1
154,0
152,4
152,3
152,2
152,1
152,0
151,3
151,2
151,1
151,0
150,3
150,2
150,1
150,0
149,5
149,4
149,3
149,2
149,1
149,0
148,3
148,2
148,1
148,0
7,3
5,11
5,10
5,9
5,3
5,2
5,0
4,3
3,2
3,0
2,2
2,0
1,2
1,0
0,57
0,56
0,55
0,54
0,9
0,2
0,0
1,45
3,44
2,44
1,44
3,43
2,43
1,43
3,42
2,42
1,42
3,41
2,41
1,41
3,40
2,40
1,40
3,46
3,39
2,39
1,46
1,39
3,38
2,38
1,38
3,37
2,37
1,37
3,36
2,36
1,36
3,35
2,35
1,35
3,34
2,34
1,34
3,33
2,33
1,33
3,32
2,32
1,32
3,31
2,31
1,31
3,30
2,30
1,30
3,29
2,29
1,29
3,28
2,28
1,28
3,27
2,27
1,27
3,26
2,26
1,26
3,25
2,25
1,25
3,24
2,24
1,24
3,23
2,23
1,23
3,22
2,22
1,22
3,21
2,21
1,21
3,20
2,20
1,20
3,19
2,19
1,19
3,18
2,18
1,18
3,17
2,17
1,17
3,16
2,16
1,16
3,15
2,15
1,15
3,14
2,14
1,14
3,13
2,13
1,13
3,12
2,12
1,12
3,11
2,11
1,11
3,10
2,10
1,10
3,9
2,9
1,9
3,8
2,8
1,8
3,7
2,7
1,7
3,6
2,6
1,6
3,5
2,5
1,5
3,4
2,45
2,4
1,4
3,3
2,3
1,3
0,6
0,47
0,46
0,49
0,48
0,45
0,12
0,50
0,10
0,8
0,11
0,5
0,7
0,4
0,3
